42
45
43
41
55
53
45
20
49
20
43
4f
55
4c
44
20
4e
4f
54
20
53
54
4f
50
20
46
4f
52
20
44
45
41
54
48
2c
20
48
45
20
4b
49
4e
44
4c
59
20
53
54
4f
50
50
45
44
20
46
4f
52
20
4d
45
2e
20
54
48
45
20
43
41
52
52
49
41
47
45
20
48
45
4c
44
20
42
55
54
20
4a
55
53
54
20
4f
55
52
53
45
4c
56
45
53
2e
20
41
4e
44
20
49
4d
4d
4f
52
54
41
4c
49
54
59
2e
20
57
45
20
53
4c
4f
57
4c
59
20
44
52
4f
56
45
2c
20
48
45
20
4b
4e
45
57
20
4e
4f
20
48
41
53
54
45
2c
20
41
4e
44
20
49
20
48
41
44
20
50
55
54
20
41
57
41
59
20
4d
59
20
4c
41
42
4f
52
2c
20
41
4e
44
20
4d
59
20
4c
45
49
53
55
52
45
20
54
4f
4f
2c
20
46
4f
52
20
48
49
53
20
43
49
56
49
4c
49
54
59
2e
20
57
45
20
50
41
53
53
45
44
20
54
48
45
20
53
43
48
4f
4f
4c
2c
20
57
48
45
52
45
20
43
48
49
4c
44
52
45
4e
20
53
54
52
4f
56
45
20
41
54
20
52
45
43
45
53
53
2c
20
49
4e
20
54
48
45
20
52
49
4e
47
2e
20
57
45
20
50
41
53
53
45
44
20
54
48
45
20
46
49
45
4c
44
53
20
4f
46
20
47
41
5a
49
4e
47
20
47
52
41
49
4e
2c
20
57
45
20
50
41
53
53
45
44
20
54
48
45
20
53
45
54
54
49
4e
47
20
53
55
4e
2e
20
4f
52
20
52
41
54
48
45
52
2c
20
48
45
20
50
41
53
53
45
44
20
55
53
2e
20
54
48
45
20
44
45
57
53
20
47
52
45
57
20
51
55
49
56
45
52
49
4e
47
20
41
4e
44
20
43
48
49
4c
4c
2c
20
46
4f
52
20
4f
4e
4c
59
20
47
4f
53
53
41
4d
45
52
20
4d
59
20
47
4f
57
4e
2c
20
4d
59
20
54
49
50
50
45
54
20
4f
4e
4c
59
20
54
55
4c
4c
45
2e
20
57
45
20
50
41
55
53
45
44
20
42
45
46
4f
52
45
20
41
20
48
4f
55
53
45
20
54
48
41
54
20
53
45
45
4d
45
44
2e
20
41
20
53
57
45
4c
4c
49
4e
47
20
4f
46
20
54
48
45
20
47
52
4f
55
4e
44
2e
20
54
48
45
20
52
4f
4f
46
20
57
41
53
20
53
43
41
52
43
45
4c
59
20
56
49
53
49
42
4c
45
2c
20
54
48
45
20
43
4f
52
4e
49
43
45
20
42
55
54
20
41
20
4d
4f
55
4e
44
2e
20
53
49
4e
43
45
20
54
48
45
4e
20
54
49
53
20
43
45
4e
54
55
52
49
45
53
2c
20
41
4e
44
20
59
45
54
20
45
41
43
48
20
46
45
45
4c
53
20
53
48
4f
52
54
45
52
20
54
48
41
4e
20
54
48
45
20
44
41
59
2e
20
49
20
46
49
52
53
54
20
53
55
52
4d
49
53
45
44
20
54
48
45
20
48
4f
52
53
45
53
20
48
45
41
44
53
2e
20
57
45
52
45
20
54
4f
57
41
52
44
20
45
54
45
52
4e
49
54
59
2e
20
45
4d
49
4c
59
20
44
49
43
4b
49
4e
53
4f
4e